    key  beta           rule   n     F     dF    se  changed%  k_med   k_p90     P     R  F_best
ceiling  0.25            kde 720 0.622  0.155 0.005    98.472   29.5    50.0 0.673 0.416   0.713
ceiling  0.25            mix 720 0.580  0.113 0.004    80.556   43.0    61.1 0.595 0.511   0.713
ceiling  0.25     near_q0.02 720 0.559  0.092 0.005    59.583   49.0   244.0 0.575 0.571   0.713
ceiling  0.25        rep_kde 720 0.622  0.155 0.005    98.472   29.5    50.0 0.673 0.416   0.713
ceiling  0.25 rep_kde_median 720 0.622  0.155 0.005    98.472   29.5    50.0 0.673 0.416   0.713
ceiling  0.25    rep_kde_n30 720 0.622  0.155 0.005    98.472   29.5    50.0 0.673 0.416   0.713
ceiling  0.25        shipped 720 0.467  0.000 0.000     0.000   78.5   244.0 0.469 0.664   0.713
ceiling  1.00            kde 720 0.523  0.085 0.003    98.194   61.0   232.0 0.499 0.626   0.578
ceiling  1.00            mix 720 0.509  0.071 0.002    80.972   76.0   249.1 0.458 0.661   0.578
ceiling  1.00     near_q0.02 720 0.480  0.042 0.002    60.278   88.5   758.3 0.451 0.741   0.578
ceiling  1.00        rep_kde 720 0.523  0.085 0.003    98.194   61.0   232.0 0.499 0.626   0.578
ceiling  1.00 rep_kde_median 720 0.523  0.085 0.003    98.194   61.0   232.0 0.499 0.626   0.578
ceiling  1.00    rep_kde_n30 720 0.523  0.085 0.003    98.194   61.0   232.0 0.499 0.626   0.578
ceiling  1.00        shipped 720 0.438  0.000 0.000     0.000  145.5   758.3 0.369 0.780   0.578
ceiling  4.00            kde 720 0.647  0.039 0.002    99.306  177.5  1101.1 0.350 0.807   0.692
ceiling  4.00            mix 720 0.643  0.036 0.002    82.361  195.0  1302.1 0.328 0.827   0.692
ceiling  4.00     near_q0.02 720 0.608  0.001 0.001    60.972  254.0  2615.2 0.337 0.868   0.692
ceiling  4.00        rep_kde 720 0.647  0.039 0.002    99.306  177.5  1101.1 0.350 0.807   0.692
ceiling  4.00 rep_kde_median 720 0.647  0.039 0.002    99.306  177.5  1101.1 0.350 0.807   0.692
ceiling  4.00    rep_kde_n30 720 0.647  0.039 0.002    99.306  177.5  1101.1 0.350 0.807   0.692
ceiling  4.00        shipped 720 0.607  0.000 0.000     0.000  288.5  2615.2 0.277 0.886   0.692
  final  0.25            kde 279 0.538 -0.101 0.010    83.513   10.0    48.0 0.761 0.306   0.715
  final  0.25            mix 279 0.593 -0.046 0.008    21.505   13.0    45.0 0.743 0.312   0.715
  final  0.25     near_q0.02 279 0.646  0.007 0.003    62.007   21.0    46.0 0.728 0.373   0.715
  final  0.25        rep_kde 279 0.639  0.000 0.000     0.000   19.0    46.2 0.737 0.380   0.715
  final  0.25 rep_kde_median 279 0.638 -0.001 0.001     1.075   19.0    46.2 0.738 0.380   0.715
  final  0.25    rep_kde_n30 279 0.639  0.000 0.000     0.000   19.0    46.2 0.737 0.380   0.715
  final  0.25        shipped 279 0.639  0.000 0.000     0.000   19.0    46.2 0.737 0.380   0.715
  final  1.00            kde 279 0.355 -0.174 0.011    89.964   17.0   185.6 0.714 0.391   0.575
  final  1.00            mix 279 0.463 -0.065 0.011    21.864   38.0   116.0 0.638 0.453   0.575
  final  1.00     near_q0.02 279 0.524 -0.005 0.002    62.366   43.0   136.0 0.587 0.532   0.575
  final  1.00        rep_kde 279 0.529  0.000 0.000     0.000   43.0   106.6 0.599 0.523   0.575
  final  1.00 rep_kde_median 279 0.527 -0.001 0.001     1.792   43.0   106.6 0.602 0.522   0.575
  final  1.00    rep_kde_n30 279 0.529  0.000 0.000     0.000   43.0   106.6 0.599 0.523   0.575
  final  1.00        shipped 279 0.529  0.000 0.000     0.000   43.0   106.6 0.599 0.523   0.575
  final  4.00            kde 279 0.343 -0.255 0.014    93.190   35.0 11427.0 0.617 0.517   0.658
  final  4.00            mix 279 0.531 -0.067 0.011    19.355   64.0   521.8 0.481 0.602   0.658
  final  4.00     near_q0.02 279 0.596 -0.002 0.001    71.326   67.0   510.4 0.447 0.665   0.658
  final  4.00        rep_kde 279 0.598  0.000 0.000     0.000   71.0   529.4 0.436 0.669   0.658
  final  4.00 rep_kde_median 279 0.593 -0.006 0.002     2.151   68.0   521.8 0.446 0.662   0.658
  final  4.00    rep_kde_n30 279 0.598  0.000 0.000     0.000   71.0   529.4 0.436 0.669   0.658
  final  4.00        shipped 279 0.598  0.000 0.000     0.000   71.0   529.4 0.436 0.669   0.658
   last  0.25            kde 279 0.517 -0.100 0.011    82.796   20.0    98.8 0.692 0.381   0.696
   last  0.25            mix 279 0.568 -0.048 0.008    32.616   19.0    59.0 0.700 0.365   0.696
   last  0.25     near_q0.02 279 0.618  0.002 0.003    59.140   26.0    53.0 0.702 0.393   0.696
   last  0.25        rep_kde 279 0.617  0.000 0.000     0.000   26.0    53.0 0.700 0.411   0.696
   last  0.25 rep_kde_median 279 0.617  0.000 0.000     0.000   26.0    53.0 0.700 0.411   0.696
   last  0.25    rep_kde_n30 279 0.617 -0.000 0.000     4.659   26.0    53.0 0.700 0.412   0.696
   last  0.25        shipped 279 0.617  0.000 0.000     0.000   26.0    53.0 0.700 0.411   0.696
   last  1.00            kde 279 0.379 -0.128 0.011    87.097   30.0  4844.8 0.652 0.462   0.559
   last  1.00            mix 279 0.454 -0.052 0.009    31.900   41.0   219.8 0.607 0.496   0.559
   last  1.00     near_q0.02 279 0.500 -0.007 0.002    63.082   43.0   263.0 0.573 0.549   0.559
   last  1.00        rep_kde 279 0.507  0.000 0.000     0.000   44.0   207.4 0.574 0.545   0.559
   last  1.00 rep_kde_median 279 0.507  0.000 0.000     0.000   44.0   207.4 0.574 0.545   0.559
   last  1.00    rep_kde_n30 279 0.506 -0.000 0.000     5.018   44.0   214.2 0.574 0.549   0.559
   last  1.00        shipped 279 0.507  0.000 0.000     0.000   44.0   207.4 0.574 0.545   0.559
   last  4.00            kde 279 0.340 -0.229 0.015    88.172   45.0 11464.0 0.535 0.585   0.643
   last  4.00            mix 279 0.505 -0.063 0.011    27.599   58.0  1097.0 0.492 0.616   0.643
   last  4.00     near_q0.02 279 0.563 -0.005 0.001    65.950   65.0  1097.0 0.447 0.679   0.643
   last  4.00        rep_kde 279 0.569  0.000 0.000     0.000   67.0  1097.0 0.439 0.684   0.643
   last  4.00 rep_kde_median 279 0.569  0.000 0.000     0.000   67.0  1097.0 0.439 0.684   0.643
   last  4.00    rep_kde_n30 279 0.568 -0.000 0.000     3.943   67.0  1112.6 0.439 0.686   0.643
   last  4.00        shipped 279 0.569  0.000 0.000     0.000   67.0  1097.0 0.439 0.684   0.643
    t10  0.25            kde 279 0.192 -0.178 0.016    64.875   32.0  5831.8 0.307 0.421   0.530
    t10  0.25            mix 279 0.370  0.000 0.000     0.000   10.0   115.2 0.496 0.280   0.530
    t10  0.25     near_q0.02 279 0.372  0.002 0.002     6.810   12.0   115.2 0.494 0.281   0.530
    t10  0.25        rep_kde 279 0.370  0.000 0.000     0.000   10.0   115.2 0.496 0.280   0.530
    t10  0.25 rep_kde_median 279 0.370  0.000 0.000     0.000   10.0   115.2 0.496 0.280   0.530
    t10  0.25    rep_kde_n30 279 0.370  0.000 0.000     0.000   10.0   115.2 0.496 0.280   0.530
    t10  0.25        shipped 279 0.370  0.000 0.000     0.000   10.0   115.2 0.496 0.280   0.530
    t10  1.00            kde 279 0.136 -0.141 0.013    65.233   48.0 11440.0 0.276 0.467   0.379
    t10  1.00            mix 279 0.277  0.000 0.000     0.000   27.0   215.8 0.417 0.351   0.379
    t10  1.00     near_q0.02 279 0.279  0.002 0.002     6.810   29.0   215.8 0.419 0.352   0.379
    t10  1.00        rep_kde 279 0.277  0.000 0.000     0.000   27.0   215.8 0.417 0.351   0.379
    t10  1.00 rep_kde_median 279 0.277  0.000 0.000     0.000   27.0   215.8 0.417 0.351   0.379
    t10  1.00    rep_kde_n30 279 0.277  0.000 0.000     0.000   27.0   215.8 0.417 0.351   0.379
    t10  1.00        shipped 279 0.277  0.000 0.000     0.000   27.0   215.8 0.417 0.351   0.379
    t10  4.00            kde 279 0.209 -0.133 0.014    66.308   59.0 11473.0 0.255 0.492   0.472
    t10  4.00            mix 279 0.342  0.000 0.000     0.000   49.0   569.4 0.322 0.427   0.472
    t10  4.00     near_q0.02 279 0.339 -0.003 0.001     8.602   46.0   569.4 0.328 0.424   0.472
    t10  4.00        rep_kde 279 0.342  0.000 0.000     0.000   49.0   569.4 0.322 0.427   0.472
    t10  4.00 rep_kde_median 279 0.342  0.000 0.000     0.000   49.0   569.4 0.322 0.427   0.472
    t10  4.00    rep_kde_n30 279 0.342  0.000 0.000     0.000   49.0   569.4 0.322 0.427   0.472
    t10  4.00        shipped 279 0.342  0.000 0.000     0.000   49.0   569.4 0.322 0.427   0.472
   t100  0.25            kde 279 0.459 -0.130 0.012    80.645   12.0    77.4 0.675 0.318   0.678
   t100  0.25            mix 279 0.552 -0.036 0.007    22.222   22.0    88.0 0.672 0.366   0.678
   t100  0.25     near_q0.02 279 0.590  0.001 0.004    56.272   22.0    71.4 0.676 0.359   0.678
   t100  0.25        rep_kde 279 0.589  0.000 0.000     0.000   23.0    61.0 0.685 0.368   0.678
   t100  0.25 rep_kde_median 279 0.589  0.000 0.000     0.000   23.0    61.0 0.685 0.368   0.678
   t100  0.25    rep_kde_n30 279 0.589  0.000 0.001     6.093   23.0    57.4 0.686 0.365   0.678
   t100  0.25        shipped 279 0.589  0.000 0.000     0.000   23.0    61.0 0.685 0.368   0.678
   t100  1.00            kde 279 0.321 -0.161 0.014    84.229   16.0   358.0 0.675 0.374   0.542
   t100  1.00            mix 279 0.462 -0.020 0.005    20.072   42.0   269.2 0.575 0.500   0.542
   t100  1.00     near_q0.02 279 0.475 -0.007 0.003    61.290   41.0   251.4 0.578 0.510   0.542
   t100  1.00        rep_kde 279 0.482  0.000 0.000     0.000   42.0   228.2 0.586 0.504   0.542
   t100  1.00 rep_kde_median 279 0.482  0.000 0.000     0.000   42.0   228.2 0.586 0.504   0.542
   t100  1.00    rep_kde_n30 279 0.483  0.001 0.001     5.376   41.0   218.2 0.590 0.501   0.542
   t100  1.00        shipped 279 0.482  0.000 0.000     0.000   42.0   228.2 0.586 0.504   0.542
   t100  4.00            kde 279 0.313 -0.221 0.016    83.513   25.0  9419.6 0.607 0.439   0.620
   t100  4.00            mix 279 0.504 -0.030 0.008    18.638   61.0  1220.2 0.446 0.616   0.620
   t100  4.00     near_q0.02 279 0.530 -0.004 0.002    61.649   58.0   812.0 0.446 0.632   0.620
   t100  4.00        rep_kde 279 0.534  0.000 0.000     0.000   62.0   772.4 0.440 0.632   0.620
   t100  4.00 rep_kde_median 279 0.534  0.000 0.000     0.000   62.0   772.4 0.440 0.632   0.620
   t100  4.00    rep_kde_n30 279 0.535  0.001 0.000     5.018   62.0   816.2 0.440 0.633   0.620
   t100  4.00        shipped 279 0.534  0.000 0.000     0.000   62.0   772.4 0.440 0.632   0.620
    t25  0.25            kde 279 0.226 -0.162 0.017    74.552   30.0  4684.2 0.373 0.396   0.554
    t25  0.25            mix 279 0.388  0.000 0.000     0.000   24.0  1000.0 0.487 0.351   0.554
    t25  0.25     near_q0.02 279 0.390  0.002 0.003    13.978   24.0  1000.0 0.480 0.351   0.554
    t25  0.25        rep_kde 279 0.388  0.000 0.000     0.000   24.0  1000.0 0.487 0.351   0.554
    t25  0.25 rep_kde_median 279 0.388  0.000 0.000     0.000   24.0  1000.0 0.487 0.351   0.554
    t25  0.25    rep_kde_n30 279 0.388  0.000 0.000     0.000   24.0  1000.0 0.487 0.351   0.554
    t25  0.25        shipped 279 0.388  0.000 0.000     0.000   24.0  1000.0 0.487 0.351   0.554
    t25  1.00            kde 279 0.152 -0.151 0.015    75.269   45.0 11225.8 0.342 0.462   0.399
    t25  1.00            mix 279 0.303  0.000 0.000     0.000   45.0  2683.6 0.388 0.466   0.399
    t25  1.00     near_q0.02 279 0.302 -0.001 0.002    14.337   45.0  2683.6 0.382 0.467   0.399
    t25  1.00        rep_kde 279 0.303  0.000 0.000     0.000   45.0  2683.6 0.388 0.466   0.399
    t25  1.00 rep_kde_median 279 0.303  0.000 0.000     0.000   45.0  2683.6 0.388 0.466   0.399
    t25  1.00    rep_kde_n30 279 0.303  0.000 0.000     0.000   45.0  2683.6 0.388 0.466   0.399
    t25  1.00        shipped 279 0.303  0.000 0.000     0.000   45.0  2683.6 0.388 0.466   0.399
    t25  4.00            kde 279 0.216 -0.162 0.015    73.477   65.0 11447.2 0.301 0.512   0.488
    t25  4.00            mix 279 0.378  0.000 0.000     0.000  106.0  5871.0 0.257 0.571   0.488
    t25  4.00     near_q0.02 279 0.378 -0.000 0.001    15.412  106.0  5871.0 0.257 0.573   0.488
    t25  4.00        rep_kde 279 0.378  0.000 0.000     0.000  106.0  5871.0 0.257 0.571   0.488
    t25  4.00 rep_kde_median 279 0.378  0.000 0.000     0.000  106.0  5871.0 0.257 0.571   0.488
    t25  4.00    rep_kde_n30 279 0.378  0.000 0.000     0.000  106.0  5871.0 0.257 0.571   0.488
    t25  4.00        shipped 279 0.378  0.000 0.000     0.000  106.0  5871.0 0.257 0.571   0.488
     t5  0.25            kde 279 0.143 -0.181 0.017    60.573   16.0 11470.0 0.255 0.425   0.484
     t5  0.25            mix 279 0.325  0.000 0.000     0.000    5.0   225.8 0.466 0.234   0.484
     t5  0.25     near_q0.02 279 0.324 -0.001 0.001     5.735    6.0   225.8 0.465 0.233   0.484
     t5  0.25        rep_kde 279 0.325  0.000 0.000     0.000    5.0   225.8 0.466 0.234   0.484
     t5  0.25 rep_kde_median 279 0.325  0.000 0.000     0.000    5.0   225.8 0.466 0.234   0.484
     t5  0.25    rep_kde_n30 279 0.325  0.000 0.000     0.000    5.0   225.8 0.466 0.234   0.484
     t5  0.25        shipped 279 0.325  0.000 0.000     0.000    5.0   225.8 0.466 0.234   0.484
     t5  1.00            kde 279 0.088 -0.129 0.013    62.007   27.0 11556.8 0.229 0.457   0.336
     t5  1.00            mix 279 0.216  0.000 0.000     0.000    9.0   508.2 0.412 0.294   0.336
     t5  1.00     near_q0.02 279 0.217  0.000 0.001     6.093   10.0   508.2 0.414 0.293   0.336
     t5  1.00        rep_kde 279 0.216  0.000 0.000     0.000    9.0   508.2 0.412 0.294   0.336
     t5  1.00 rep_kde_median 279 0.216  0.000 0.000     0.000    9.0   508.2 0.412 0.294   0.336
     t5  1.00    rep_kde_n30 279 0.216  0.000 0.000     0.000    9.0   508.2 0.412 0.294   0.336
     t5  1.00        shipped 279 0.216  0.000 0.000     0.000    9.0   508.2 0.412 0.294   0.336
     t5  4.00            kde 279 0.126 -0.135 0.014    61.649   47.0 11596.0 0.202 0.490   0.430
     t5  4.00            mix 279 0.261  0.000 0.000     0.000   20.0   934.0 0.347 0.353   0.430
     t5  4.00     near_q0.02 279 0.260 -0.001 0.001     7.885   20.0   934.0 0.349 0.352   0.430
     t5  4.00        rep_kde 279 0.261  0.000 0.000     0.000   20.0   934.0 0.347 0.353   0.430
     t5  4.00 rep_kde_median 279 0.261  0.000 0.000     0.000   20.0   934.0 0.347 0.353   0.430
     t5  4.00    rep_kde_n30 279 0.261  0.000 0.000     0.000   20.0   934.0 0.347 0.353   0.430
     t5  4.00        shipped 279 0.261  0.000 0.000     0.000   20.0   934.0 0.347 0.353   0.430
    t50  0.25            kde 279 0.396 -0.102 0.013    78.495   23.0  1749.0 0.573 0.350   0.604
    t50  0.25            mix 279 0.496 -0.003 0.002     5.018   29.0  1196.6 0.574 0.398   0.604
    t50  0.25     near_q0.02 279 0.496 -0.002 0.005    45.520   28.0   945.2 0.572 0.387   0.604
    t50  0.25        rep_kde 279 0.498  0.000 0.000     0.000   29.0   945.2 0.578 0.398   0.604
    t50  0.25 rep_kde_median 279 0.498  0.000 0.000     0.000   29.0   945.2 0.578 0.398   0.604
    t50  0.25    rep_kde_n30 279 0.498  0.000 0.000     1.075   29.0   892.4 0.578 0.397   0.604
    t50  0.25        shipped 279 0.498  0.000 0.000     0.000   29.0   945.2 0.578 0.398   0.604
    t50  1.00            kde 279 0.286 -0.113 0.013    77.778   34.0  7340.8 0.538 0.430   0.476
    t50  1.00            mix 279 0.397 -0.002 0.001     4.659   43.0  3904.8 0.477 0.525   0.476
    t50  1.00     near_q0.02 279 0.395 -0.004 0.003    42.294   43.0  3362.2 0.477 0.520   0.476
    t50  1.00        rep_kde 279 0.399  0.000 0.000     0.000   44.0  3362.2 0.475 0.525   0.476
    t50  1.00 rep_kde_median 279 0.399  0.000 0.000     0.000   44.0  3362.2 0.475 0.525   0.476
    t50  1.00    rep_kde_n30 279 0.399 -0.000 0.000     1.075   44.0  3362.2 0.475 0.525   0.476
    t50  1.00        shipped 279 0.399  0.000 0.000     0.000   44.0  3362.2 0.475 0.525   0.476
    t50  4.00            kde 279 0.291 -0.169 0.016    78.853   41.0 10933.8 0.497 0.489   0.559
    t50  4.00            mix 279 0.455 -0.004 0.002     5.018   66.0  8371.0 0.366 0.642   0.559
    t50  4.00     near_q0.02 279 0.449 -0.010 0.002    49.462   61.0  8077.0 0.381 0.632   0.559
    t50  4.00        rep_kde 279 0.459  0.000 0.000     0.000   70.0  8077.0 0.360 0.643   0.559
    t50  4.00 rep_kde_median 279 0.459  0.000 0.000     0.000   70.0  8077.0 0.360 0.643   0.559
    t50  4.00    rep_kde_n30 279 0.459 -0.000 0.000     1.434   66.0  8077.0 0.361 0.642   0.559
    t50  4.00        shipped 279 0.459  0.000 0.000     0.000   70.0  8077.0 0.360 0.643   0.559
